{
  "ticker": "BWPT.JK",
  "data": [
    {
      "date": "2022-07-08",
      "open": 67.0,
      "high": 68.0,
      "low": 66.0,
      "close": 68.0
    },
    {
      "date": "2022-07-11",
      "open": 69.0,
      "high": 69.0,
      "low": 67.0,
      "close": 67.0
    },
    {
      "date": "2022-07-12",
      "open": 68.0,
      "high": 69.0,
      "low": 67.0,
      "close": 67.0
    },
    {
      "date": "2022-07-13",
      "open": 67.0,
      "high": 68.0,
      "low": 66.0,
      "close": 66.0
    },
    {
      "date": "2022-07-14",
      "open": 67.0,
      "high": 67.0,
      "low": 66.0,
      "close": 67.0
    },
    {
      "date": "2022-07-15",
      "open": 66.0,
      "high": 68.0,
      "low": 66.0,
      "close": 66.0
    },
    {
      "date": "2022-07-18",
      "open": 69.0,
      "high": 72.0,
      "low": 65.0,
      "close": 67.0
    },
    {
      "date": "2022-07-19",
      "open": 68.0,
      "high": 69.0,
      "low": 66.0,
      "close": 68.0
    },
    {
      "date": "2022-07-20",
      "open": 68.0,
      "high": 69.0,
      "low": 67.0,
      "close": 68.0
    },
    {
      "date": "2022-07-21",
      "open": 68.0,
      "high": 69.0,
      "low": 66.0,
      "close": 68.0
    },
    {
      "date": "2022-07-22",
      "open": 68.0,
      "high": 68.0,
      "low": 67.0,
      "close": 67.0
    },
    {
      "date": "2022-07-25",
      "open": 67.0,
      "high": 69.0,
      "low": 67.0,
      "close": 67.0
    },
    {
      "date": "2022-07-26",
      "open": 67.0,
      "high": 68.0,
      "low": 66.0,
      "close": 66.0
    },
    {
      "date": "2022-07-27",
      "open": 67.0,
      "high": 68.0,
      "low": 66.0,
      "close": 67.0
    },
    {
      "date": "2022-07-28",
      "open": 67.0,
      "high": 69.0,
      "low": 67.0,
      "close": 69.0
    },
    {
      "date": "2022-07-29",
      "open": 70.0,
      "high": 72.0,
      "low": 69.0,
      "close": 70.0
    },
    {
      "date": "2022-08-01",
      "open": 71.0,
      "high": 75.0,
      "low": 70.0,
      "close": 70.0
    },
    {
      "date": "2022-08-02",
      "open": 70.0,
      "high": 71.0,
      "low": 68.0,
      "close": 69.0
    },
    {
      "date": "2022-08-03",
      "open": 69.0,
      "high": 69.0,
      "low": 68.0,
      "close": 68.0
    },
    {
      "date": "2022-08-04",
      "open": 69.0,
      "high": 70.0,
      "low": 68.0,
      "close": 68.0
    },
    {
      "date": "2022-08-05",
      "open": 68.0,
      "high": 69.0,
      "low": 68.0,
      "close": 68.0
    },
    {
      "date": "2022-08-08",
      "open": 68.0,
      "high": 70.0,
      "low": 68.0,
      "close": 69.0
    },
    {
      "date": "2022-08-09",
      "open": 69.0,
      "high": 70.0,
      "low": 68.0,
      "close": 68.0
    },
    {
      "date": "2022-08-10",
      "open": 69.0,
      "high": 69.0,
      "low": 67.0,
      "close": 68.0
    },
    {
      "date": "2022-08-11",
      "open": 69.0,
      "high": 71.0,
      "low": 69.0,
      "close": 69.0
    },
    {
      "date": "2022-08-12",
      "open": 70.0,
      "high": 71.0,
      "low": 69.0,
      "close": 70.0
    },
    {
      "date": "2022-08-15",
      "open": 71.0,
      "high": 72.0,
      "low": 70.0,
      "close": 71.0
    },
    {
      "date": "2022-08-16",
      "open": 71.0,
      "high": 72.0,
      "low": 70.0,
      "close": 71.0
    },
    {
      "date": "2022-08-18",
      "open": 72.0,
      "high": 72.0,
      "low": 70.0,
      "close": 71.0
    },
    {
      "date": "2022-08-19",
      "open": 71.0,
      "high": 71.0,
      "low": 69.0,
      "close": 70.0
    },
    {
      "date": "2022-08-22",
      "open": 70.0,
      "high": 72.0,
      "low": 69.0,
      "close": 70.0
    },
    {
      "date": "2022-08-23",
      "open": 70.0,
      "high": 74.0,
      "low": 69.0,
      "close": 73.0
    },
    {
      "date": "2022-08-24",
      "open": 74.0,
      "high": 75.0,
      "low": 71.0,
      "close": 72.0
    },
    {
      "date": "2022-08-25",
      "open": 72.0,
      "high": 73.0,
      "low": 70.0,
      "close": 70.0
    },
    {
      "date": "2022-08-26",
      "open": 71.0,
      "high": 72.0,
      "low": 69.0,
      "close": 70.0
    },
    {
      "date": "2022-08-29",
      "open": 70.0,
      "high": 71.0,
      "low": 69.0,
      "close": 70.0
    },
    {
      "date": "2022-08-30",
      "open": 70.0,
      "high": 71.0,
      "low": 70.0,
      "close": 70.0
    },
    {
      "date": "2022-08-31",
      "open": 70.0,
      "high": 71.0,
      "low": 70.0,
      "close": 71.0
    },
    {
      "date": "2022-09-01",
      "open": 71.0,
      "high": 72.0,
      "low": 70.0,
      "close": 71.0
    },
    {
      "date": "2022-09-02",
      "open": 71.0,
      "high": 72.0,
      "low": 70.0,
      "close": 70.0
    },
    {
      "date": "2022-09-05",
      "open": 71.0,
      "high": 71.0,
      "low": 70.0,
      "close": 70.0
    },
    {
      "date": "2022-09-06",
      "open": 71.0,
      "high": 73.0,
      "low": 70.0,
      "close": 72.0
    },
    {
      "date": "2022-09-07",
      "open": 72.0,
      "high": 75.0,
      "low": 72.0,
      "close": 73.0
    },
    {
      "date": "2022-09-08",
      "open": 74.0,
      "high": 74.0,
      "low": 71.0,
      "close": 71.0
    },
    {
      "date": "2022-09-09",
      "open": 71.0,
      "high": 73.0,
      "low": 71.0,
      "close": 72.0
    },
    {
      "date": "2022-09-12",
      "open": 71.0,
      "high": 73.0,
      "low": 71.0,
      "close": 73.0
    },
    {
      "date": "2022-09-13",
      "open": 73.0,
      "high": 76.0,
      "low": 72.0,
      "close": 74.0
    },
    {
      "date": "2022-09-14",
      "open": 74.0,
      "high": 75.0,
      "low": 73.0,
      "close": 74.0
    },
    {
      "date": "2022-09-15",
      "open": 74.0,
      "high": 75.0,
      "low": 73.0,
      "close": 73.0
    },
    {
      "date": "2022-09-16",
      "open": 74.0,
      "high": 74.0,
      "low": 71.0,
      "close": 72.0
    },
    {
      "date": "2022-09-19",
      "open": 72.0,
      "high": 73.0,
      "low": 67.0,
      "close": 69.0
    },
    {
      "date": "2022-09-20",
      "open": 69.0,
      "high": 70.0,
      "low": 67.0,
      "close": 68.0
    },
    {
      "date": "2022-09-21",
      "open": 68.0,
      "high": 70.0,
      "low": 67.0,
      "close": 69.0
    },
    {
      "date": "2022-09-22",
      "open": 79.0,
      "high": 79.0,
      "low": 68.0,
      "close": 69.0
    },
    {
      "date": "2022-09-23",
      "open": 68.0,
      "high": 70.0,
      "low": 67.0,
      "close": 68.0
    },
    {
      "date": "2022-09-26",
      "open": 68.0,
      "high": 68.0,
      "low": 66.0,
      "close": 66.0
    },
    {
      "date": "2022-09-27",
      "open": 66.0,
      "high": 67.0,
      "low": 65.0,
      "close": 67.0
    },
    {
      "date": "2022-09-28",
      "open": 67.0,
      "high": 68.0,
      "low": 66.0,
      "close": 66.0
    },
    {
      "date": "2022-09-29",
      "open": 66.0,
      "high": 67.0,
      "low": 65.0,
      "close": 66.0
    },
    {
      "date": "2022-09-30",
      "open": 66.0,
      "high": 67.0,
      "low": 65.0,
      "close": 66.0
    },
    {
      "date": "2022-10-03",
      "open": 67.0,
      "high": 68.0,
      "low": 66.0,
      "close": 66.0
    },
    {
      "date": "2022-10-04",
      "open": 67.0,
      "high": 69.0,
      "low": 66.0,
      "close": 69.0
    },
    {
      "date": "2022-10-05",
      "open": 69.0,
      "high": 72.0,
      "low": 68.0,
      "close": 69.0
    },
    {
      "date": "2022-10-06",
      "open": 68.0,
      "high": 70.0,
      "low": 68.0,
      "close": 68.0
    },
    {
      "date": "2022-10-07",
      "open": 68.0,
      "high": 69.0,
      "low": 67.0,
      "close": 68.0
    },
    {
      "date": "2022-10-10",
      "open": 68.0,
      "high": 69.0,
      "low": 66.0,
      "close": 67.0
    },
    {
      "date": "2022-10-11",
      "open": 67.0,
      "high": 68.0,
      "low": 67.0,
      "close": 67.0
    },
    {
      "date": "2022-10-12",
      "open": 68.0,
      "high": 69.0,
      "low": 67.0,
      "close": 67.0
    },
    {
      "date": "2022-10-13",
      "open": 68.0,
      "high": 68.0,
      "low": 67.0,
      "close": 68.0
    },
    {
      "date": "2022-10-14",
      "open": 68.0,
      "high": 68.0,
      "low": 64.0,
      "close": 65.0
    },
    {
      "date": "2022-10-17",
      "open": 66.0,
      "high": 66.0,
      "low": 64.0,
      "close": 65.0
    },
    {
      "date": "2022-10-18",
      "open": 65.0,
      "high": 66.0,
      "low": 64.0,
      "close": 65.0
    },
    {
      "date": "2022-10-19",
      "open": 65.0,
      "high": 68.0,
      "low": 65.0,
      "close": 67.0
    },
    {
      "date": "2022-10-20",
      "open": 68.0,
      "high": 72.0,
      "low": 67.0,
      "close": 69.0
    },
    {
      "date": "2022-10-21",
      "open": 70.0,
      "high": 70.0,
      "low": 68.0,
      "close": 68.0
    },
    {
      "date": "2022-10-24",
      "open": 68.0,
      "high": 70.0,
      "low": 67.0,
      "close": 68.0
    },
    {
      "date": "2022-10-25",
      "open": 68.0,
      "high": 69.0,
      "low": 67.0,
      "close": 68.0
    },
    {
      "date": "2022-10-26",
      "open": 68.0,
      "high": 72.0,
      "low": 68.0,
      "close": 68.0
    },
    {
      "date": "2022-10-27",
      "open": 69.0,
      "high": 69.0,
      "low": 67.0,
      "close": 67.0
    },
    {
      "date": "2022-10-28",
      "open": 68.0,
      "high": 68.0,
      "low": 65.0,
      "close": 66.0
    },
    {
      "date": "2022-10-31",
      "open": 67.0,
      "high": 69.0,
      "low": 67.0,
      "close": 68.0
    },
    {
      "date": "2022-11-01",
      "open": 68.0,
      "high": 68.0,
      "low": 67.0,
      "close": 68.0
    },
    {
      "date": "2022-11-02",
      "open": 68.0,
      "high": 71.0,
      "low": 67.0,
      "close": 70.0
    },
    {
      "date": "2022-11-03",
      "open": 70.0,
      "high": 71.0,
      "low": 69.0,
      "close": 69.0
    },
    {
      "date": "2022-11-04",
      "open": 69.0,
      "high": 70.0,
      "low": 68.0,
      "close": 69.0
    },
    {
      "date": "2022-11-07",
      "open": 69.0,
      "high": 71.0,
      "low": 69.0,
      "close": 70.0
    },
    {
      "date": "2022-11-08",
      "open": 70.0,
      "high": 72.0,
      "low": 69.0,
      "close": 70.0
    },
    {
      "date": "2022-11-09",
      "open": 70.0,
      "high": 71.0,
      "low": 69.0,
      "close": 69.0
    },
    {
      "date": "2022-11-10",
      "open": 70.0,
      "high": 70.0,
      "low": 69.0,
      "close": 69.0
    },
    {
      "date": "2022-11-11",
      "open": 70.0,
      "high": 70.0,
      "low": 69.0,
      "close": 69.0
    },
    {
      "date": "2022-11-14",
      "open": 70.0,
      "high": 70.0,
      "low": 69.0,
      "close": 69.0
    },
    {
      "date": "2022-11-15",
      "open": 69.0,
      "high": 70.0,
      "low": 68.0,
      "close": 70.0
    },
    {
      "date": "2022-11-16",
      "open": 70.0,
      "high": 70.0,
      "low": 68.0,
      "close": 69.0
    },
    {
      "date": "2022-11-17",
      "open": 69.0,
      "high": 70.0,
      "low": 68.0,
      "close": 69.0
    },
    {
      "date": "2022-11-18",
      "open": 69.0,
      "high": 69.0,
      "low": 68.0,
      "close": 69.0
    },
    {
      "date": "2022-11-21",
      "open": 69.0,
      "high": 69.0,
      "low": 68.0,
      "close": 68.0
    },
    {
      "date": "2022-11-22",
      "open": 68.0,
      "high": 70.0,
      "low": 68.0,
      "close": 69.0
    },
    {
      "date": "2022-11-23",
      "open": 70.0,
      "high": 70.0,
      "low": 68.0,
      "close": 69.0
    },
    {
      "date": "2022-11-24",
      "open": 69.0,
      "high": 70.0,
      "low": 68.0,
      "close": 69.0
    },
    {
      "date": "2022-11-25",
      "open": 69.0,
      "high": 70.0,
      "low": 68.0,
      "close": 68.0
    },
    {
      "date": "2022-11-28",
      "open": 68.0,
      "high": 70.0,
      "low": 68.0,
      "close": 68.0
    },
    {
      "date": "2022-11-29",
      "open": 68.0,
      "high": 69.0,
      "low": 68.0,
      "close": 69.0
    },
    {
      "date": "2022-11-30",
      "open": 69.0,
      "high": 69.0,
      "low": 68.0,
      "close": 69.0
    },
    {
      "date": "2022-12-01",
      "open": 69.0,
      "high": 70.0,
      "low": 67.0,
      "close": 68.0
    },
    {
      "date": "2022-12-02",
      "open": 68.0,
      "high": 69.0,
      "low": 68.0,
      "close": 68.0
    },
    {
      "date": "2022-12-05",
      "open": 68.0,
      "high": 69.0,
      "low": 67.0,
      "close": 68.0
    },
    {
      "date": "2022-12-06",
      "open": 68.0,
      "high": 68.0,
      "low": 66.0,
      "close": 67.0
    },
    {
      "date": "2022-12-07",
      "open": 67.0,
      "high": 68.0,
      "low": 65.0,
      "close": 65.0
    },
    {
      "date": "2022-12-08",
      "open": 65.0,
      "high": 67.0,
      "low": 65.0,
      "close": 67.0
    },
    {
      "date": "2022-12-09",
      "open": 67.0,
      "high": 68.0,
      "low": 66.0,
      "close": 66.0
    },
    {
      "date": "2022-12-12",
      "open": 67.0,
      "high": 67.0,
      "low": 66.0,
      "close": 67.0
    },
    {
      "date": "2022-12-13",
      "open": 67.0,
      "high": 67.0,
      "low": 65.0,
      "close": 66.0
    },
    {
      "date": "2022-12-14",
      "open": 66.0,
      "high": 67.0,
      "low": 65.0,
      "close": 66.0
    },
    {
      "date": "2022-12-15",
      "open": 66.0,
      "high": 68.0,
      "low": 66.0,
      "close": 66.0
    },
    {
      "date": "2022-12-16",
      "open": 66.0,
      "high": 68.0,
      "low": 66.0,
      "close": 67.0
    },
    {
      "date": "2022-12-19",
      "open": 68.0,
      "high": 68.0,
      "low": 66.0,
      "close": 66.0
    },
    {
      "date": "2022-12-20",
      "open": 66.0,
      "high": 67.0,
      "low": 65.0,
      "close": 65.0
    },
    {
      "date": "2022-12-21",
      "open": 65.0,
      "high": 67.0,
      "low": 65.0,
      "close": 65.0
    },
    {
      "date": "2022-12-22",
      "open": 65.0,
      "high": 67.0,
      "low": 65.0,
      "close": 66.0
    },
    {
      "date": "2022-12-23",
      "open": 66.0,
      "high": 67.0,
      "low": 65.0,
      "close": 66.0
    },
    {
      "date": "2022-12-26",
      "open": 65.0,
      "high": 67.0,
      "low": 65.0,
      "close": 65.0
    },
    {
      "date": "2022-12-27",
      "open": 65.0,
      "high": 67.0,
      "low": 64.0,
      "close": 65.0
    },
    {
      "date": "2022-12-28",
      "open": 67.0,
      "high": 67.0,
      "low": 65.0,
      "close": 66.0
    },
    {
      "date": "2022-12-29",
      "open": 66.0,
      "high": 67.0,
      "low": 65.0,
      "close": 65.0
    },
    {
      "date": "2022-12-30",
      "open": 65.0,
      "high": 66.0,
      "low": 65.0,
      "close": 65.0
    },
    {
      "date": "2023-01-02",
      "open": 66.0,
      "high": 66.0,
      "low": 65.0,
      "close": 65.0
    },
    {
      "date": "2023-01-03",
      "open": 65.0,
      "high": 66.0,
      "low": 65.0,
      "close": 66.0
    },
    {
      "date": "2023-01-04",
      "open": 66.0,
      "high": 66.0,
      "low": 65.0,
      "close": 66.0
    },
    {
      "date": "2023-01-05",
      "open": 66.0,
      "high": 66.0,
      "low": 64.0,
      "close": 64.0
    },
    {
      "date": "2023-01-06",
      "open": 65.0,
      "high": 65.0,
      "low": 64.0,
      "close": 65.0
    },
    {
      "date": "2023-01-09",
      "open": 65.0,
      "high": 65.0,
      "low": 64.0,
      "close": 64.0
    },
    {
      "date": "2023-01-10",
      "open": 65.0,
      "high": 65.0,
      "low": 62.0,
      "close": 63.0
    },
    {
      "date": "2023-01-11",
      "open": 63.0,
      "high": 64.0,
      "low": 63.0,
      "close": 63.0
    },
    {
      "date": "2023-01-12",
      "open": 63.0,
      "high": 64.0,
      "low": 62.0,
      "close": 63.0
    },
    {
      "date": "2023-01-13",
      "open": 63.0,
      "high": 64.0,
      "low": 62.0,
      "close": 64.0
    },
    {
      "date": "2023-01-16",
      "open": 64.0,
      "high": 64.0,
      "low": 62.0,
      "close": 63.0
    },
    {
      "date": "2023-01-17",
      "open": 63.0,
      "high": 63.0,
      "low": 62.0,
      "close": 62.0
    },
    {
      "date": "2023-01-18",
      "open": 62.0,
      "high": 70.0,
      "low": 62.0,
      "close": 67.0
    },
    {
      "date": "2023-01-19",
      "open": 67.0,
      "high": 70.0,
      "low": 65.0,
      "close": 66.0
    },
    {
      "date": "2023-01-20",
      "open": 67.0,
      "high": 68.0,
      "low": 66.0,
      "close": 66.0
    },
    {
      "date": "2023-01-24",
      "open": 66.0,
      "high": 67.0,
      "low": 66.0,
      "close": 67.0
    },
    {
      "date": "2023-01-25",
      "open": 68.0,
      "high": 70.0,
      "low": 66.0,
      "close": 67.0
    },
    {
      "date": "2023-01-26",
      "open": 67.0,
      "high": 68.0,
      "low": 66.0,
      "close": 66.0
    },
    {
      "date": "2023-01-27",
      "open": 66.0,
      "high": 68.0,
      "low": 66.0,
      "close": 67.0
    },
    {
      "date": "2023-01-30",
      "open": 67.0,
      "high": 68.0,
      "low": 66.0,
      "close": 66.0
    },
    {
      "date": "2023-01-31",
      "open": 66.0,
      "high": 69.0,
      "low": 66.0,
      "close": 68.0
    },
    {
      "date": "2023-02-01",
      "open": 68.0,
      "high": 68.0,
      "low": 66.0,
      "close": 66.0
    },
    {
      "date": "2023-02-02",
      "open": 66.0,
      "high": 67.0,
      "low": 66.0,
      "close": 66.0
    },
    {
      "date": "2023-02-03",
      "open": 66.0,
      "high": 68.0,
      "low": 66.0,
      "close": 66.0
    },
    {
      "date": "2023-02-06",
      "open": 66.0,
      "high": 68.0,
      "low": 66.0,
      "close": 66.0
    },
    {
      "date": "2023-02-07",
      "open": 66.0,
      "high": 68.0,
      "low": 66.0,
      "close": 68.0
    },
    {
      "date": "2023-02-08",
      "open": 68.0,
      "high": 70.0,
      "low": 67.0,
      "close": 67.0
    },
    {
      "date": "2023-02-09",
      "open": 67.0,
      "high": 68.0,
      "low": 66.0,
      "close": 66.0
    },
    {
      "date": "2023-02-10",
      "open": 66.0,
      "high": 67.0,
      "low": 66.0,
      "close": 66.0
    },
    {
      "date": "2023-02-13",
      "open": 67.0,
      "high": 69.0,
      "low": 66.0,
      "close": 67.0
    },
    {
      "date": "2023-02-14",
      "open": 67.0,
      "high": 68.0,
      "low": 66.0,
      "close": 68.0
    },
    {
      "date": "2023-02-15",
      "open": 68.0,
      "high": 68.0,
      "low": 66.0,
      "close": 67.0
    },
    {
      "date": "2023-02-16",
      "open": 67.0,
      "high": 67.0,
      "low": 65.0,
      "close": 66.0
    },
    {
      "date": "2023-02-17",
      "open": 66.0,
      "high": 68.0,
      "low": 66.0,
      "close": 66.0
    },
    {
      "date": "2023-02-20",
      "open": 66.0,
      "high": 68.0,
      "low": 66.0,
      "close": 66.0
    },
    {
      "date": "2023-02-21",
      "open": 66.0,
      "high": 67.0,
      "low": 65.0,
      "close": 66.0
    },
    {
      "date": "2023-02-22",
      "open": 66.0,
      "high": 66.0,
      "low": 64.0,
      "close": 66.0
    },
    {
      "date": "2023-02-23",
      "open": 66.0,
      "high": 66.0,
      "low": 65.0,
      "close": 65.0
    },
    {
      "date": "2023-02-24",
      "open": 65.0,
      "high": 73.0,
      "low": 65.0,
      "close": 67.0
    },
    {
      "date": "2023-02-27",
      "open": 67.0,
      "high": 69.0,
      "low": 67.0,
      "close": 68.0
    },
    {
      "date": "2023-02-28",
      "open": 68.0,
      "high": 69.0,
      "low": 67.0,
      "close": 67.0
    },
    {
      "date": "2023-03-01",
      "open": 67.0,
      "high": 68.0,
      "low": 66.0,
      "close": 67.0
    },
    {
      "date": "2023-03-02",
      "open": 67.0,
      "high": 68.0,
      "low": 66.0,
      "close": 68.0
    },
    {
      "date": "2023-03-03",
      "open": 68.0,
      "high": 68.0,
      "low": 66.0,
      "close": 66.0
    },
    {
      "date": "2023-03-06",
      "open": 66.0,
      "high": 67.0,
      "low": 65.0,
      "close": 66.0
    },
    {
      "date": "2023-03-07",
      "open": 66.0,
      "high": 66.0,
      "low": 64.0,
      "close": 65.0
    },
    {
      "date": "2023-03-08",
      "open": 65.0,
      "high": 65.0,
      "low": 63.0,
      "close": 64.0
    },
    {
      "date": "2023-03-09",
      "open": 64.0,
      "high": 64.0,
      "low": 63.0,
      "close": 63.0
    },
    {
      "date": "2023-03-10",
      "open": 63.0,
      "high": 64.0,
      "low": 62.0,
      "close": 62.0
    },
    {
      "date": "2023-03-13",
      "open": 62.0,
      "high": 63.0,
      "low": 62.0,
      "close": 62.0
    },
    {
      "date": "2023-03-14",
      "open": 62.0,
      "high": 63.0,
      "low": 58.0,
      "close": 58.0
    },
    {
      "date": "2023-03-15",
      "open": 59.0,
      "high": 60.0,
      "low": 57.0,
      "close": 59.0
    },
    {
      "date": "2023-03-16",
      "open": 58.0,
      "high": 60.0,
      "low": 55.0,
      "close": 55.0
    },
    {
      "date": "2023-03-17",
      "open": 55.0,
      "high": 58.0,
      "low": 53.0,
      "close": 54.0
    },
    {
      "date": "2023-03-20",
      "open": 54.0,
      "high": 57.0,
      "low": 53.0,
      "close": 54.0
    },
    {
      "date": "2023-03-21",
      "open": 54.0,
      "high": 57.0,
      "low": 54.0,
      "close": 56.0
    },
    {
      "date": "2023-03-24",
      "open": 55.0,
      "high": 57.0,
      "low": 55.0,
      "close": 56.0
    },
    {
      "date": "2023-03-27",
      "open": 56.0,
      "high": 58.0,
      "low": 55.0,
      "close": 57.0
    },
    {
      "date": "2023-03-28",
      "open": 58.0,
      "high": 58.0,
      "low": 57.0,
      "close": 58.0
    },
    {
      "date": "2023-03-29",
      "open": 57.0,
      "high": 63.0,
      "low": 57.0,
      "close": 59.0
    },
    {
      "date": "2023-03-30",
      "open": 58.0,
      "high": 60.0,
      "low": 58.0,
      "close": 58.0
    },
    {
      "date": "2023-03-31",
      "open": 59.0,
      "high": 59.0,
      "low": 57.0,
      "close": 58.0
    },
    {
      "date": "2023-04-03",
      "open": 59.0,
      "high": 61.0,
      "low": 56.0,
      "close": 57.0
    },
    {
      "date": "2023-04-04",
      "open": 59.0,
      "high": 59.0,
      "low": 57.0,
      "close": 57.0
    },
    {
      "date": "2023-04-05",
      "open": 57.0,
      "high": 59.0,
      "low": 57.0,
      "close": 58.0
    },
    {
      "date": "2023-04-06",
      "open": 59.0,
      "high": 63.0,
      "low": 58.0,
      "close": 58.0
    },
    {
      "date": "2023-04-10",
      "open": 59.0,
      "high": 60.0,
      "low": 57.0,
      "close": 57.0
    },
    {
      "date": "2023-04-11",
      "open": 58.0,
      "high": 59.0,
      "low": 57.0,
      "close": 58.0
    },
    {
      "date": "2023-04-12",
      "open": 58.0,
      "high": 59.0,
      "low": 57.0,
      "close": 57.0
    },
    {
      "date": "2023-04-13",
      "open": 58.0,
      "high": 59.0,
      "low": 57.0,
      "close": 58.0
    },
    {
      "date": "2023-04-14",
      "open": 59.0,
      "high": 62.0,
      "low": 58.0,
      "close": 58.0
    },
    {
      "date": "2023-04-17",
      "open": 60.0,
      "high": 60.0,
      "low": 58.0,
      "close": 59.0
    },
    {
      "date": "2023-04-18",
      "open": 59.0,
      "high": 59.0,
      "low": 57.0,
      "close": 58.0
    },
    {
      "date": "2023-04-26",
      "open": 59.0,
      "high": 59.0,
      "low": 57.0,
      "close": 58.0
    },
    {
      "date": "2023-04-27",
      "open": 59.0,
      "high": 61.0,
      "low": 58.0,
      "close": 59.0
    },
    {
      "date": "2023-04-28",
      "open": 58.0,
      "high": 60.0,
      "low": 58.0,
      "close": 60.0
    },
    {
      "date": "2023-05-02",
      "open": 61.0,
      "high": 61.0,
      "low": 57.0,
      "close": 58.0
    },
    {
      "date": "2023-05-03",
      "open": 58.0,
      "high": 59.0,
      "low": 56.0,
      "close": 57.0
    },
    {
      "date": "2023-05-04",
      "open": 58.0,
      "high": 58.0,
      "low": 56.0,
      "close": 56.0
    },
    {
      "date": "2023-05-05",
      "open": 56.0,
      "high": 57.0,
      "low": 56.0,
      "close": 57.0
    },
    {
      "date": "2023-05-08",
      "open": 57.0,
      "high": 58.0,
      "low": 57.0,
      "close": 57.0
    },
    {
      "date": "2023-05-09",
      "open": 57.0,
      "high": 58.0,
      "low": 56.0,
      "close": 57.0
    },
    {
      "date": "2023-05-10",
      "open": 57.0,
      "high": 58.0,
      "low": 56.0,
      "close": 57.0
    },
    {
      "date": "2023-05-11",
      "open": 57.0,
      "high": 57.0,
      "low": 56.0,
      "close": 57.0
    },
    {
      "date": "2023-05-12",
      "open": 56.0,
      "high": 57.0,
      "low": 56.0,
      "close": 57.0
    },
    {
      "date": "2023-05-15",
      "open": 57.0,
      "high": 58.0,
      "low": 56.0,
      "close": 57.0
    },
    {
      "date": "2023-05-16",
      "open": 57.0,
      "high": 58.0,
      "low": 56.0,
      "close": 56.0
    },
    {
      "date": "2023-05-17",
      "open": 57.0,
      "high": 57.0,
      "low": 56.0,
      "close": 56.0
    },
    {
      "date": "2023-05-19",
      "open": 56.0,
      "high": 57.0,
      "low": 55.0,
      "close": 56.0
    },
    {
      "date": "2023-05-22",
      "open": 56.0,
      "high": 56.0,
      "low": 55.0,
      "close": 56.0
    },
    {
      "date": "2023-05-23",
      "open": 56.0,
      "high": 56.0,
      "low": 55.0,
      "close": 55.0
    },
    {
      "date": "2023-05-24",
      "open": 55.0,
      "high": 56.0,
      "low": 54.0,
      "close": 55.0
    },
    {
      "date": "2023-05-25",
      "open": 55.0,
      "high": 57.0,
      "low": 55.0,
      "close": 56.0
    },
    {
      "date": "2023-05-26",
      "open": 56.0,
      "high": 57.0,
      "low": 55.0,
      "close": 57.0
    },
    {
      "date": "2023-05-29",
      "open": 57.0,
      "high": 57.0,
      "low": 55.0,
      "close": 56.0
    },
    {
      "date": "2023-05-30",
      "open": 56.0,
      "high": 56.0,
      "low": 55.0,
      "close": 56.0
    },
    {
      "date": "2023-05-31",
      "open": 56.0,
      "high": 56.0,
      "low": 54.0,
      "close": 54.0
    },
    {
      "date": "2023-06-05",
      "open": 54.0,
      "high": 56.0,
      "low": 54.0,
      "close": 55.0
    },
    {
      "date": "2023-06-06",
      "open": 55.0,
      "high": 55.0,
      "low": 54.0,
      "close": 55.0
    },
    {
      "date": "2023-06-07",
      "open": 55.0,
      "high": 55.0,
      "low": 54.0,
      "close": 55.0
    },
    {
      "date": "2023-06-08",
      "open": 55.0,
      "high": 56.0,
      "low": 53.0,
      "close": 55.0
    },
    {
      "date": "2023-06-09",
      "open": 55.0,
      "high": 56.0,
      "low": 54.0,
      "close": 55.0
    },
    {
      "date": "2023-06-12",
      "open": 55.0,
      "high": 56.0,
      "low": 54.0,
      "close": 55.0
    },
    {
      "date": "2023-06-13",
      "open": 55.0,
      "high": 55.0,
      "low": 54.0,
      "close": 55.0
    },
    {
      "date": "2023-06-14",
      "open": 55.0,
      "high": 55.0,
      "low": 54.0,
      "close": 54.0
    },
    {
      "date": "2023-06-15",
      "open": 54.0,
      "high": 55.0,
      "low": 54.0,
      "close": 55.0
    },
    {
      "date": "2023-06-16",
      "open": 55.0,
      "high": 57.0,
      "low": 54.0,
      "close": 57.0
    },
    {
      "date": "2023-06-19",
      "open": 57.0,
      "high": 59.0,
      "low": 55.0,
      "close": 56.0
    },
    {
      "date": "2023-06-20",
      "open": 56.0,
      "high": 57.0,
      "low": 55.0,
      "close": 55.0
    },
    {
      "date": "2023-06-21",
      "open": 55.0,
      "high": 56.0,
      "low": 55.0,
      "close": 55.0
    },
    {
      "date": "2023-06-22",
      "open": 55.0,
      "high": 56.0,
      "low": 54.0,
      "close": 55.0
    },
    {
      "date": "2023-06-23",
      "open": 55.0,
      "high": 56.0,
      "low": 54.0,
      "close": 55.0
    },
    {
      "date": "2023-06-26",
      "open": 55.0,
      "high": 56.0,
      "low": 54.0,
      "close": 55.0
    },
    {
      "date": "2023-06-27",
      "open": 54.0,
      "high": 55.0,
      "low": 53.0,
      "close": 54.0
    },
    {
      "date": "2023-07-03",
      "open": 54.0,
      "high": 55.0,
      "low": 54.0,
      "close": 54.0
    },
    {
      "date": "2023-07-04",
      "open": 55.0,
      "high": 56.0,
      "low": 54.0,
      "close": 55.0
    },
    {
      "date": "2023-07-05",
      "open": 55.0,
      "high": 56.0,
      "low": 54.0,
      "close": 55.0
    },
    {
      "date": "2023-07-06",
      "open": 55.0,
      "high": 56.0,
      "low": 54.0,
      "close": 55.0
    },
    {
      "date": "2023-07-07",
      "open": 55.0,
      "high": 57.0,
      "low": 55.0,
      "close": 55.0
    },
    {
      "date": "2023-07-10",
      "open": 56.0,
      "high": 56.0,
      "low": 55.0,
      "close": 56.0
    },
    {
      "date": "2023-07-11",
      "open": 56.0,
      "high": 57.0,
      "low": 55.0,
      "close": 56.0
    },
    {
      "date": "2023-07-12",
      "open": 56.0,
      "high": 57.0,
      "low": 55.0,
      "close": 57.0
    },
    {
      "date": "2023-07-13",
      "open": 57.0,
      "high": 57.0,
      "low": 55.0,
      "close": 56.0
    },
    {
      "date": "2023-07-14",
      "open": 55.0,
      "high": 57.0,
      "low": 55.0,
      "close": 56.0
    },
    {
      "date": "2023-07-17",
      "open": 56.0,
      "high": 57.0,
      "low": 55.0,
      "close": 56.0
    },
    {
      "date": "2023-07-18",
      "open": 56.0,
      "high": 57.0,
      "low": 55.0,
      "close": 56.0
    },
    {
      "date": "2023-07-20",
      "open": 57.0,
      "high": 57.0,
      "low": 56.0,
      "close": 56.0
    },
    {
      "date": "2023-07-21",
      "open": 57.0,
      "high": 58.0,
      "low": 56.0,
      "close": 56.0
    },
    {
      "date": "2023-07-24",
      "open": 57.0,
      "high": 57.0,
      "low": 56.0,
      "close": 57.0
    },
    {
      "date": "2023-07-25",
      "open": 56.0,
      "high": 58.0,
      "low": 56.0,
      "close": 58.0
    },
    {
      "date": "2023-07-26",
      "open": 58.0,
      "high": 58.0,
      "low": 56.0,
      "close": 57.0
    },
    {
      "date": "2023-07-27",
      "open": 57.0,
      "high": 57.0,
      "low": 56.0,
      "close": 57.0
    },
    {
      "date": "2023-07-28",
      "open": 57.0,
      "high": 57.0,
      "low": 56.0,
      "close": 56.0
    },
    {
      "date": "2023-07-31",
      "open": 57.0,
      "high": 59.0,
      "low": 56.0,
      "close": 57.0
    },
    {
      "date": "2023-08-01",
      "open": 57.0,
      "high": 58.0,
      "low": 56.0,
      "close": 57.0
    },
    {
      "date": "2023-08-02",
      "open": 57.0,
      "high": 57.0,
      "low": 56.0,
      "close": 57.0
    },
    {
      "date": "2023-08-03",
      "open": 57.0,
      "high": 57.0,
      "low": 56.0,
      "close": 57.0
    },
    {
      "date": "2023-08-04",
      "open": 57.0,
      "high": 57.0,
      "low": 56.0,
      "close": 57.0
    },
    {
      "date": "2023-08-07",
      "open": 56.0,
      "high": 57.0,
      "low": 56.0,
      "close": 57.0
    },
    {
      "date": "2023-08-08",
      "open": 57.0,
      "high": 58.0,
      "low": 56.0,
      "close": 57.0
    },
    {
      "date": "2023-08-09",
      "open": 57.0,
      "high": 58.0,
      "low": 56.0,
      "close": 57.0
    },
    {
      "date": "2023-08-10",
      "open": 57.0,
      "high": 58.0,
      "low": 56.0,
      "close": 57.0
    },
    {
      "date": "2023-08-11",
      "open": 57.0,
      "high": 57.0,
      "low": 56.0,
      "close": 56.0
    },
    {
      "date": "2023-08-14",
      "open": 56.0,
      "high": 57.0,
      "low": 56.0,
      "close": 56.0
    },
    {
      "date": "2023-08-15",
      "open": 56.0,
      "high": 57.0,
      "low": 56.0,
      "close": 57.0
    },
    {
      "date": "2023-08-16",
      "open": 57.0,
      "high": 57.0,
      "low": 56.0,
      "close": 57.0
    },
    {
      "date": "2023-08-18",
      "open": 57.0,
      "high": 57.0,
      "low": 56.0,
      "close": 57.0
    },
    {
      "date": "2023-08-21",
      "open": 57.0,
      "high": 57.0,
      "low": 56.0,
      "close": 57.0
    },
    {
      "date": "2023-08-22",
      "open": 57.0,
      "high": 57.0,
      "low": 56.0,
      "close": 56.0
    },
    {
      "date": "2023-08-23",
      "open": 57.0,
      "high": 58.0,
      "low": 56.0,
      "close": 57.0
    },
    {
      "date": "2023-08-24",
      "open": 57.0,
      "high": 58.0,
      "low": 56.0,
      "close": 57.0
    },
    {
      "date": "2023-08-25",
      "open": 57.0,
      "high": 58.0,
      "low": 56.0,
      "close": 57.0
    },
    {
      "date": "2023-08-28",
      "open": 58.0,
      "high": 59.0,
      "low": 57.0,
      "close": 58.0
    },
    {
      "date": "2023-08-29",
      "open": 60.0,
      "high": 63.0,
      "low": 58.0,
      "close": 60.0
    },
    {
      "date": "2023-08-30",
      "open": 68.0,
      "high": 68.0,
      "low": 59.0,
      "close": 61.0
    },
    {
      "date": "2023-08-31",
      "open": 61.0,
      "high": 63.0,
      "low": 60.0,
      "close": 60.0
    },
    {
      "date": "2023-09-01",
      "open": 69.0,
      "high": 69.0,
      "low": 60.0,
      "close": 61.0
    },
    {
      "date": "2023-09-04",
      "open": 61.0,
      "high": 63.0,
      "low": 61.0,
      "close": 62.0
    },
    {
      "date": "2023-09-05",
      "open": 62.0,
      "high": 64.0,
      "low": 61.0,
      "close": 63.0
    },
    {
      "date": "2023-09-06",
      "open": 63.0,
      "high": 63.0,
      "low": 61.0,
      "close": 62.0
    },
    {
      "date": "2023-09-07",
      "open": 62.0,
      "high": 62.0,
      "low": 60.0,
      "close": 60.0
    },
    {
      "date": "2023-09-08",
      "open": 60.0,
      "high": 60.0,
      "low": 58.0,
      "close": 59.0
    },
    {
      "date": "2023-09-11",
      "open": 59.0,
      "high": 60.0,
      "low": 58.0,
      "close": 59.0
    },
    {
      "date": "2023-09-12",
      "open": 60.0,
      "high": 61.0,
      "low": 59.0,
      "close": 60.0
    },
    {
      "date": "2023-09-13",
      "open": 61.0,
      "high": 61.0,
      "low": 58.0,
      "close": 59.0
    },
    {
      "date": "2023-09-14",
      "open": 58.0,
      "high": 61.0,
      "low": 58.0,
      "close": 59.0
    },
    {
      "date": "2023-09-15",
      "open": 59.0,
      "high": 60.0,
      "low": 59.0,
      "close": 59.0
    },
    {
      "date": "2023-09-18",
      "open": 59.0,
      "high": 60.0,
      "low": 58.0,
      "close": 58.0
    },
    {
      "date": "2023-09-19",
      "open": 58.0,
      "high": 59.0,
      "low": 57.0,
      "close": 58.0
    },
    {
      "date": "2023-09-20",
      "open": 58.0,
      "high": 58.0,
      "low": 57.0,
      "close": 57.0
    },
    {
      "date": "2023-09-21",
      "open": 58.0,
      "high": 59.0,
      "low": 57.0,
      "close": 58.0
    },
    {
      "date": "2023-09-22",
      "open": 58.0,
      "high": 61.0,
      "low": 57.0,
      "close": 59.0
    },
    {
      "date": "2023-09-25",
      "open": 60.0,
      "high": 63.0,
      "low": 60.0,
      "close": 62.0
    },
    {
      "date": "2023-09-26",
      "open": 62.0,
      "high": 63.0,
      "low": 59.0,
      "close": 59.0
    },
    {
      "date": "2023-09-27",
      "open": 59.0,
      "high": 60.0,
      "low": 58.0,
      "close": 59.0
    },
    {
      "date": "2023-09-29",
      "open": 60.0,
      "high": 61.0,
      "low": 59.0,
      "close": 59.0
    },
    {
      "date": "2023-10-02",
      "open": 59.0,
      "high": 60.0,
      "low": 58.0,
      "close": 59.0
    },
    {
      "date": "2023-10-03",
      "open": 59.0,
      "high": 60.0,
      "low": 58.0,
      "close": 59.0
    },
    {
      "date": "2023-10-04",
      "open": 59.0,
      "high": 59.0,
      "low": 58.0,
      "close": 58.0
    },
    {
      "date": "2023-10-05",
      "open": 58.0,
      "high": 61.0,
      "low": 58.0,
      "close": 60.0
    },
    {
      "date": "2023-10-06",
      "open": 60.0,
      "high": 61.0,
      "low": 59.0,
      "close": 60.0
    },
    {
      "date": "2023-10-09",
      "open": 61.0,
      "high": 62.0,
      "low": 59.0,
      "close": 60.0
    },
    {
      "date": "2023-10-10",
      "open": 60.0,
      "high": 60.0,
      "low": 59.0,
      "close": 60.0
    },
    {
      "date": "2023-10-11",
      "open": 60.0,
      "high": 62.0,
      "low": 59.0,
      "close": 59.0
    },
    {
      "date": "2023-10-12",
      "open": 60.0,
      "high": 60.0,
      "low": 58.0,
      "close": 59.0
    },
    {
      "date": "2023-10-13",
      "open": 59.0,
      "high": 60.0,
      "low": 58.0,
      "close": 58.0
    },
    {
      "date": "2023-10-16",
      "open": 59.0,
      "high": 59.0,
      "low": 57.0,
      "close": 58.0
    },
    {
      "date": "2023-10-17",
      "open": 58.0,
      "high": 59.0,
      "low": 57.0,
      "close": 58.0
    },
    {
      "date": "2023-10-18",
      "open": 58.0,
      "high": 59.0,
      "low": 57.0,
      "close": 57.0
    },
    {
      "date": "2023-10-19",
      "open": 57.0,
      "high": 62.0,
      "low": 57.0,
      "close": 59.0
    },
    {
      "date": "2023-10-20",
      "open": 59.0,
      "high": 60.0,
      "low": 58.0,
      "close": 59.0
    },
    {
      "date": "2023-10-23",
      "open": 59.0,
      "high": 60.0,
      "low": 57.0,
      "close": 58.0
    },
    {
      "date": "2023-10-24",
      "open": 58.0,
      "high": 58.0,
      "low": 56.0,
      "close": 57.0
    },
    {
      "date": "2023-10-25",
      "open": 57.0,
      "high": 62.0,
      "low": 56.0,
      "close": 59.0
    },
    {
      "date": "2023-10-26",
      "open": 59.0,
      "high": 60.0,
      "low": 57.0,
      "close": 58.0
    },
    {
      "date": "2023-10-27",
      "open": 58.0,
      "high": 59.0,
      "low": 56.0,
      "close": 57.0
    },
    {
      "date": "2023-10-30",
      "open": 57.0,
      "high": 58.0,
      "low": 56.0,
      "close": 56.0
    },
    {
      "date": "2023-10-31",
      "open": 56.0,
      "high": 57.0,
      "low": 55.0,
      "close": 56.0
    },
    {
      "date": "2023-11-01",
      "open": 57.0,
      "high": 57.0,
      "low": 55.0,
      "close": 55.0
    },
    {
      "date": "2023-11-02",
      "open": 56.0,
      "high": 56.0,
      "low": 55.0,
      "close": 55.0
    },
    {
      "date": "2023-11-03",
      "open": 56.0,
      "high": 58.0,
      "low": 55.0,
      "close": 57.0
    },
    {
      "date": "2023-11-06",
      "open": 57.0,
      "high": 57.0,
      "low": 56.0,
      "close": 56.0
    },
    {
      "date": "2023-11-07",
      "open": 57.0,
      "high": 57.0,
      "low": 56.0,
      "close": 56.0
    },
    {
      "date": "2023-11-08",
      "open": 57.0,
      "high": 58.0,
      "low": 55.0,
      "close": 55.0
    },
    {
      "date": "2023-11-09",
      "open": 56.0,
      "high": 56.0,
      "low": 55.0,
      "close": 56.0
    },
    {
      "date": "2023-11-10",
      "open": 56.0,
      "high": 56.0,
      "low": 55.0,
      "close": 56.0
    },
    {
      "date": "2023-11-13",
      "open": 56.0,
      "high": 56.0,
      "low": 55.0,
      "close": 55.0
    },
    {
      "date": "2023-11-14",
      "open": 55.0,
      "high": 56.0,
      "low": 55.0,
      "close": 56.0
    },
    {
      "date": "2023-11-15",
      "open": 55.0,
      "high": 57.0,
      "low": 55.0,
      "close": 56.0
    },
    {
      "date": "2023-11-16",
      "open": 56.0,
      "high": 57.0,
      "low": 56.0,
      "close": 56.0
    },
    {
      "date": "2023-11-17",
      "open": 56.0,
      "high": 57.0,
      "low": 55.0,
      "close": 57.0
    },
    {
      "date": "2023-11-20",
      "open": 56.0,
      "high": 57.0,
      "low": 56.0,
      "close": 57.0
    },
    {
      "date": "2023-11-21",
      "open": 56.0,
      "high": 57.0,
      "low": 55.0,
      "close": 56.0
    },
    {
      "date": "2023-11-22",
      "open": 56.0,
      "high": 57.0,
      "low": 55.0,
      "close": 55.0
    },
    {
      "date": "2023-11-23",
      "open": 55.0,
      "high": 56.0,
      "low": 55.0,
      "close": 56.0
    },
    {
      "date": "2023-11-24",
      "open": 56.0,
      "high": 56.0,
      "low": 55.0,
      "close": 55.0
    },
    {
      "date": "2023-11-27",
      "open": 56.0,
      "high": 56.0,
      "low": 55.0,
      "close": 55.0
    },
    {
      "date": "2023-11-28",
      "open": 55.0,
      "high": 56.0,
      "low": 54.0,
      "close": 55.0
    },
    {
      "date": "2023-11-29",
      "open": 56.0,
      "high": 56.0,
      "low": 54.0,
      "close": 55.0
    },
    {
      "date": "2023-11-30",
      "open": 55.0,
      "high": 56.0,
      "low": 54.0,
      "close": 55.0
    },
    {
      "date": "2023-12-01",
      "open": 55.0,
      "high": 56.0,
      "low": 54.0,
      "close": 56.0
    },
    {
      "date": "2023-12-04",
      "open": 56.0,
      "high": 56.0,
      "low": 54.0,
      "close": 54.0
    },
    {
      "date": "2023-12-05",
      "open": 55.0,
      "high": 55.0,
      "low": 54.0,
      "close": 55.0
    },
    {
      "date": "2023-12-06",
      "open": 55.0,
      "high": 59.0,
      "low": 54.0,
      "close": 55.0
    },
    {
      "date": "2023-12-07",
      "open": 56.0,
      "high": 57.0,
      "low": 54.0,
      "close": 55.0
    },
    {
      "date": "2023-12-08",
      "open": 55.0,
      "high": 57.0,
      "low": 55.0,
      "close": 55.0
    },
    {
      "date": "2023-12-11",
      "open": 56.0,
      "high": 56.0,
      "low": 54.0,
      "close": 54.0
    },
    {
      "date": "2023-12-12",
      "open": 55.0,
      "high": 55.0,
      "low": 52.0,
      "close": 53.0
    },
    {
      "date": "2023-12-13",
      "open": 53.0,
      "high": 55.0,
      "low": 52.0,
      "close": 53.0
    },
    {
      "date": "2023-12-14",
      "open": 53.0,
      "high": 54.0,
      "low": 52.0,
      "close": 53.0
    },
    {
      "date": "2023-12-15",
      "open": 53.0,
      "high": 54.0,
      "low": 52.0,
      "close": 53.0
    },
    {
      "date": "2023-12-18",
      "open": 53.0,
      "high": 54.0,
      "low": 52.0,
      "close": 53.0
    },
    {
      "date": "2023-12-19",
      "open": 53.0,
      "high": 53.0,
      "low": 52.0,
      "close": 52.0
    },
    {
      "date": "2023-12-20",
      "open": 53.0,
      "high": 54.0,
      "low": 52.0,
      "close": 53.0
    },
    {
      "date": "2023-12-21",
      "open": 53.0,
      "high": 54.0,
      "low": 53.0,
      "close": 54.0
    },
    {
      "date": "2023-12-22",
      "open": 55.0,
      "high": 55.0,
      "low": 53.0,
      "close": 53.0
    },
    {
      "date": "2023-12-27",
      "open": 53.0,
      "high": 54.0,
      "low": 53.0,
      "close": 53.0
    },
    {
      "date": "2023-12-28",
      "open": 53.0,
      "high": 54.0,
      "low": 53.0,
      "close": 53.0
    },
    {
      "date": "2023-12-29",
      "open": 53.0,
      "high": 54.0,
      "low": 52.0,
      "close": 54.0
    },
    {
      "date": "2024-01-02",
      "open": 54.0,
      "high": 54.0,
      "low": 53.0,
      "close": 53.0
    },
    {
      "date": "2024-01-03",
      "open": 54.0,
      "high": 54.0,
      "low": 53.0,
      "close": 53.0
    },
    {
      "date": "2024-01-04",
      "open": 53.0,
      "high": 54.0,
      "low": 52.0,
      "close": 54.0
    },
    {
      "date": "2024-01-05",
      "open": 54.0,
      "high": 55.0,
      "low": 53.0,
      "close": 53.0
    },
    {
      "date": "2024-01-08",
      "open": 54.0,
      "high": 54.0,
      "low": 53.0,
      "close": 54.0
    },
    {
      "date": "2024-01-09",
      "open": 54.0,
      "high": 54.0,
      "low": 53.0,
      "close": 53.0
    },
    {
      "date": "2024-01-10",
      "open": 54.0,
      "high": 54.0,
      "low": 52.0,
      "close": 52.0
    },
    {
      "date": "2024-01-11",
      "open": 53.0,
      "high": 53.0,
      "low": 52.0,
      "close": 53.0
    },
    {
      "date": "2024-01-12",
      "open": 53.0,
      "high": 53.0,
      "low": 52.0,
      "close": 53.0
    },
    {
      "date": "2024-01-15",
      "open": 53.0,
      "high": 53.0,
      "low": 52.0,
      "close": 52.0
    },
    {
      "date": "2024-01-16",
      "open": 53.0,
      "high": 53.0,
      "low": 52.0,
      "close": 53.0
    },
    {
      "date": "2024-01-17",
      "open": 53.0,
      "high": 54.0,
      "low": 52.0,
      "close": 53.0
    },
    {
      "date": "2024-01-18",
      "open": 53.0,
      "high": 54.0,
      "low": 52.0,
      "close": 53.0
    },
    {
      "date": "2024-01-19",
      "open": 53.0,
      "high": 54.0,
      "low": 52.0,
      "close": 53.0
    },
    {
      "date": "2024-01-22",
      "open": 53.0,
      "high": 53.0,
      "low": 52.0,
      "close": 52.0
    },
    {
      "date": "2024-01-23",
      "open": 53.0,
      "high": 53.0,
      "low": 52.0,
      "close": 52.0
    },
    {
      "date": "2024-01-24",
      "open": 53.0,
      "high": 53.0,
      "low": 51.0,
      "close": 51.0
    },
    {
      "date": "2024-01-25",
      "open": 52.0,
      "high": 52.0,
      "low": 50.0,
      "close": 50.0
    },
    {
      "date": "2024-01-26",
      "open": 51.0,
      "high": 51.0,
      "low": 50.0,
      "close": 51.0
    },
    {
      "date": "2024-01-29",
      "open": 51.0,
      "high": 52.0,
      "low": 50.0,
      "close": 50.0
    },
    {
      "date": "2024-01-30",
      "open": 51.0,
      "high": 52.0,
      "low": 50.0,
      "close": 50.0
    },
    {
      "date": "2024-01-31",
      "open": 51.0,
      "high": 52.0,
      "low": 50.0,
      "close": 51.0
    },
    {
      "date": "2024-02-01",
      "open": 51.0,
      "high": 52.0,
      "low": 51.0,
      "close": 51.0
    },
    {
      "date": "2024-02-02",
      "open": 52.0,
      "high": 52.0,
      "low": 51.0,
      "close": 51.0
    },
    {
      "date": "2024-02-05",
      "open": 52.0,
      "high": 52.0,
      "low": 51.0,
      "close": 52.0
    },
    {
      "date": "2024-02-06",
      "open": 52.0,
      "high": 52.0,
      "low": 51.0,
      "close": 51.0
    },
    {
      "date": "2024-02-07",
      "open": 51.0,
      "high": 52.0,
      "low": 51.0,
      "close": 51.0
    },
    {
      "date": "2024-02-12",
      "open": 51.0,
      "high": 52.0,
      "low": 51.0,
      "close": 51.0
    },
    {
      "date": "2024-02-13",
      "open": 51.0,
      "high": 52.0,
      "low": 50.0,
      "close": 51.0
    },
    {
      "date": "2024-02-15",
      "open": 51.0,
      "high": 52.0,
      "low": 50.0,
      "close": 51.0
    },
    {
      "date": "2024-02-16",
      "open": 51.0,
      "high": 52.0,
      "low": 50.0,
      "close": 51.0
    },
    {
      "date": "2024-02-19",
      "open": 51.0,
      "high": 52.0,
      "low": 50.0,
      "close": 52.0
    },
    {
      "date": "2024-02-20",
      "open": 52.0,
      "high": 52.0,
      "low": 51.0,
      "close": 51.0
    },
    {
      "date": "2024-02-21",
      "open": 51.0,
      "high": 52.0,
      "low": 51.0,
      "close": 52.0
    },
    {
      "date": "2024-02-22",
      "open": 52.0,
      "high": 52.0,
      "low": 51.0,
      "close": 51.0
    },
    {
      "date": "2024-02-23",
      "open": 52.0,
      "high": 52.0,
      "low": 51.0,
      "close": 52.0
    },
    {
      "date": "2024-02-26",
      "open": 52.0,
      "high": 52.0,
      "low": 51.0,
      "close": 51.0
    },
    {
      "date": "2024-02-27",
      "open": 51.0,
      "high": 52.0,
      "low": 50.0,
      "close": 51.0
    },
    {
      "date": "2024-02-28",
      "open": 51.0,
      "high": 52.0,
      "low": 50.0,
      "close": 51.0
    },
    {
      "date": "2024-02-29",
      "open": 51.0,
      "high": 52.0,
      "low": 50.0,
      "close": 51.0
    },
    {
      "date": "2024-03-01",
      "open": 51.0,
      "high": 52.0,
      "low": 50.0,
      "close": 52.0
    },
    {
      "date": "2024-03-04",
      "open": 58.0,
      "high": 70.0,
      "low": 54.0,
      "close": 61.0
    },
    {
      "date": "2024-03-05",
      "open": 61.0,
      "high": 63.0,
      "low": 54.0,
      "close": 55.0
    },
    {
      "date": "2024-03-06",
      "open": 55.0,
      "high": 58.0,
      "low": 55.0,
      "close": 57.0
    },
    {
      "date": "2024-03-07",
      "open": 57.0,
      "high": 59.0,
      "low": 56.0,
      "close": 57.0
    },
    {
      "date": "2024-03-08",
      "open": 59.0,
      "high": 59.0,
      "low": 56.0,
      "close": 56.0
    },
    {
      "date": "2024-03-13",
      "open": 56.0,
      "high": 58.0,
      "low": 55.0,
      "close": 55.0
    },
    {
      "date": "2024-03-14",
      "open": 55.0,
      "high": 56.0,
      "low": 55.0,
      "close": 56.0
    },
    {
      "date": "2024-03-15",
      "open": 55.0,
      "high": 56.0,
      "low": 54.0,
      "close": 55.0
    },
    {
      "date": "2024-03-18",
      "open": 55.0,
      "high": 60.0,
      "low": 55.0,
      "close": 58.0
    },
    {
      "date": "2024-03-19",
      "open": 59.0,
      "high": 59.0,
      "low": 56.0,
      "close": 56.0
    },
    {
      "date": "2024-03-20",
      "open": 57.0,
      "high": 57.0,
      "low": 55.0,
      "close": 56.0
    },
    {
      "date": "2024-03-21",
      "open": 56.0,
      "high": 57.0,
      "low": 55.0,
      "close": 56.0
    },
    {
      "date": "2024-03-22",
      "open": 57.0,
      "high": 57.0,
      "low": 55.0,
      "close": 56.0
    },
    {
      "date": "2024-03-25",
      "open": 56.0,
      "high": 56.0,
      "low": 55.0,
      "close": 55.0
    },
    {
      "date": "2024-03-26",
      "open": 58.0,
      "high": 58.0,
      "low": 55.0,
      "close": 56.0
    },
    {
      "date": "2024-03-27",
      "open": 50.0,
      "high": 57.0,
      "low": 50.0,
      "close": 56.0
    },
    {
      "date": "2024-03-28",
      "open": 56.0,
      "high": 57.0,
      "low": 54.0,
      "close": 55.0
    },
    {
      "date": "2024-04-01",
      "open": 55.0,
      "high": 55.0,
      "low": 53.0,
      "close": 54.0
    },
    {
      "date": "2024-04-02",
      "open": 53.0,
      "high": 54.0,
      "low": 52.0,
      "close": 54.0
    },
    {
      "date": "2024-04-03",
      "open": 54.0,
      "high": 56.0,
      "low": 53.0,
      "close": 55.0
    },
    {
      "date": "2024-04-04",
      "open": 56.0,
      "high": 57.0,
      "low": 54.0,
      "close": 55.0
    },
    {
      "date": "2024-04-05",
      "open": 55.0,
      "high": 56.0,
      "low": 54.0,
      "close": 55.0
    },
    {
      "date": "2024-04-16",
      "open": 55.0,
      "high": 55.0,
      "low": 52.0,
      "close": 54.0
    },
    {
      "date": "2024-04-17",
      "open": 53.0,
      "high": 54.0,
      "low": 53.0,
      "close": 53.0
    },
    {
      "date": "2024-04-18",
      "open": 53.0,
      "high": 53.0,
      "low": 52.0,
      "close": 53.0
    },
    {
      "date": "2024-04-19",
      "open": 53.0,
      "high": 53.0,
      "low": 51.0,
      "close": 51.0
    },
    {
      "date": "2024-04-22",
      "open": 52.0,
      "high": 52.0,
      "low": 51.0,
      "close": 51.0
    },
    {
      "date": "2024-04-23",
      "open": 51.0,
      "high": 52.0,
      "low": 51.0,
      "close": 51.0
    },
    {
      "date": "2024-04-24",
      "open": 52.0,
      "high": 54.0,
      "low": 51.0,
      "close": 54.0
    },
    {
      "date": "2024-04-25",
      "open": 54.0,
      "high": 54.0,
      "low": 52.0,
      "close": 53.0
    },
    {
      "date": "2024-04-26",
      "open": 53.0,
      "high": 53.0,
      "low": 51.0,
      "close": 51.0
    },
    {
      "date": "2024-04-29",
      "open": 51.0,
      "high": 53.0,
      "low": 51.0,
      "close": 51.0
    },
    {
      "date": "2024-04-30",
      "open": 52.0,
      "high": 54.0,
      "low": 52.0,
      "close": 53.0
    },
    {
      "date": "2024-05-02",
      "open": 54.0,
      "high": 54.0,
      "low": 52.0,
      "close": 52.0
    },
    {
      "date": "2024-05-03",
      "open": 53.0,
      "high": 53.0,
      "low": 52.0,
      "close": 53.0
    },
    {
      "date": "2024-05-06",
      "open": 54.0,
      "high": 56.0,
      "low": 53.0,
      "close": 54.0
    },
    {
      "date": "2024-05-07",
      "open": 54.0,
      "high": 55.0,
      "low": 53.0,
      "close": 55.0
    },
    {
      "date": "2024-05-08",
      "open": 55.0,
      "high": 55.0,
      "low": 53.0,
      "close": 54.0
    },
    {
      "date": "2024-05-13",
      "open": 54.0,
      "high": 54.0,
      "low": 53.0,
      "close": 54.0
    },
    {
      "date": "2024-05-14",
      "open": 54.0,
      "high": 54.0,
      "low": 53.0,
      "close": 53.0
    },
    {
      "date": "2024-05-15",
      "open": 53.0,
      "high": 54.0,
      "low": 52.0,
      "close": 54.0
    },
    {
      "date": "2024-05-16",
      "open": 54.0,
      "high": 55.0,
      "low": 53.0,
      "close": 55.0
    },
    {
      "date": "2024-05-17",
      "open": 54.0,
      "high": 55.0,
      "low": 54.0,
      "close": 55.0
    },
    {
      "date": "2024-05-20",
      "open": 55.0,
      "high": 55.0,
      "low": 54.0,
      "close": 54.0
    },
    {
      "date": "2024-05-21",
      "open": 53.0,
      "high": 55.0,
      "low": 53.0,
      "close": 54.0
    },
    {
      "date": "2024-05-22",
      "open": 54.0,
      "high": 54.0,
      "low": 53.0,
      "close": 54.0
    },
    {
      "date": "2024-05-27",
      "open": 54.0,
      "high": 54.0,
      "low": 53.0,
      "close": 54.0
    },
    {
      "date": "2024-05-28",
      "open": 54.0,
      "high": 54.0,
      "low": 52.0,
      "close": 53.0
    },
    {
      "date": "2024-05-29",
      "open": 53.0,
      "high": 54.0,
      "low": 53.0,
      "close": 53.0
    },
    {
      "date": "2024-05-30",
      "open": 53.0,
      "high": 54.0,
      "low": 52.0,
      "close": 53.0
    },
    {
      "date": "2024-05-31",
      "open": 53.0,
      "high": 53.0,
      "low": 51.0,
      "close": 51.0
    },
    {
      "date": "2024-06-03",
      "open": 52.0,
      "high": 52.0,
      "low": 50.0,
      "close": 50.0
    },
    {
      "date": "2024-06-04",
      "open": 50.0,
      "high": 52.0,
      "low": 50.0,
      "close": 51.0
    },
    {
      "date": "2024-06-05",
      "open": 51.0,
      "high": 52.0,
      "low": 50.0,
      "close": 51.0
    },
    {
      "date": "2024-06-06",
      "open": 51.0,
      "high": 51.0,
      "low": 50.0,
      "close": 50.0
    },
    {
      "date": "2024-06-07",
      "open": 50.0,
      "high": 51.0,
      "low": 50.0,
      "close": 50.0
    },
    {
      "date": "2024-06-10",
      "open": 51.0,
      "high": 51.0,
      "low": 50.0,
      "close": 51.0
    },
    {
      "date": "2024-06-11",
      "open": 51.0,
      "high": 51.0,
      "low": 50.0,
      "close": 51.0
    },
    {
      "date": "2024-06-12",
      "open": 51.0,
      "high": 51.0,
      "low": 50.0,
      "close": 51.0
    },
    {
      "date": "2024-06-13",
      "open": 51.0,
      "high": 51.0,
      "low": 50.0,
      "close": 51.0
    },
    {
      "date": "2024-06-14",
      "open": 51.0,
      "high": 51.0,
      "low": 50.0,
      "close": 51.0
    },
    {
      "date": "2024-06-19",
      "open": 51.0,
      "high": 51.0,
      "low": 50.0,
      "close": 51.0
    },
    {
      "date": "2024-06-20",
      "open": 51.0,
      "high": 51.0,
      "low": 50.0,
      "close": 51.0
    },
    {
      "date": "2024-06-21",
      "open": 50.0,
      "high": 51.0,
      "low": 50.0,
      "close": 51.0
    },
    {
      "date": "2024-06-24",
      "open": 51.0,
      "high": 52.0,
      "low": 50.0,
      "close": 52.0
    },
    {
      "date": "2024-06-25",
      "open": 51.0,
      "high": 53.0,
      "low": 51.0,
      "close": 52.0
    },
    {
      "date": "2024-06-26",
      "open": 52.0,
      "high": 52.0,
      "low": 51.0,
      "close": 51.0
    },
    {
      "date": "2024-06-27",
      "open": 51.0,
      "high": 52.0,
      "low": 50.0,
      "close": 51.0
    },
    {
      "date": "2024-06-28",
      "open": 51.0,
      "high": 51.0,
      "low": 50.0,
      "close": 50.0
    },
    {
      "date": "2024-07-01",
      "open": 50.0,
      "high": 51.0,
      "low": 50.0,
      "close": 51.0
    },
    {
      "date": "2024-07-02",
      "open": 51.0,
      "high": 51.0,
      "low": 50.0,
      "close": 51.0
    },
    {
      "date": "2024-07-03",
      "open": 51.0,
      "high": 53.0,
      "low": 50.0,
      "close": 52.0
    },
    {
      "date": "2024-07-04",
      "open": 52.0,
      "high": 52.0,
      "low": 51.0,
      "close": 52.0
    },
    {
      "date": "2024-07-05",
      "open": 52.0,
      "high": 53.0,
      "low": 51.0,
      "close": 52.0
    },
    {
      "date": "2024-07-08",
      "open": 52.0,
      "high": 52.0,
      "low": 50.0,
      "close": 52.0
    },
    {
      "date": "2024-07-09",
      "open": 51.0,
      "high": 52.0,
      "low": 51.0,
      "close": 52.0
    },
    {
      "date": "2024-07-10",
      "open": 51.0,
      "high": 52.0,
      "low": 51.0,
      "close": 52.0
    },
    {
      "date": "2024-07-11",
      "open": 52.0,
      "high": 52.0,
      "low": 51.0,
      "close": 52.0
    },
    {
      "date": "2024-07-12",
      "open": 52.0,
      "high": 54.0,
      "low": 51.0,
      "close": 52.0
    },
    {
      "date": "2024-07-15",
      "open": 52.0,
      "high": 53.0,
      "low": 51.0,
      "close": 52.0
    },
    {
      "date": "2024-07-16",
      "open": 52.0,
      "high": 52.0,
      "low": 50.0,
      "close": 52.0
    },
    {
      "date": "2024-07-17",
      "open": 52.0,
      "high": 52.0,
      "low": 51.0,
      "close": 51.0
    },
    {
      "date": "2024-07-18",
      "open": 52.0,
      "high": 52.0,
      "low": 51.0,
      "close": 52.0
    },
    {
      "date": "2024-07-19",
      "open": 52.0,
      "high": 53.0,
      "low": 51.0,
      "close": 52.0
    },
    {
      "date": "2024-07-22",
      "open": 52.0,
      "high": 53.0,
      "low": 51.0,
      "close": 52.0
    },
    {
      "date": "2024-07-23",
      "open": 52.0,
      "high": 53.0,
      "low": 51.0,
      "close": 52.0
    },
    {
      "date": "2024-07-24",
      "open": 52.0,
      "high": 53.0,
      "low": 51.0,
      "close": 53.0
    },
    {
      "date": "2024-07-25",
      "open": 53.0,
      "high": 53.0,
      "low": 51.0,
      "close": 53.0
    },
    {
      "date": "2024-07-26",
      "open": 53.0,
      "high": 54.0,
      "low": 52.0,
      "close": 53.0
    },
    {
      "date": "2024-07-29",
      "open": 53.0,
      "high": 54.0,
      "low": 52.0,
      "close": 53.0
    },
    {
      "date": "2024-07-30",
      "open": 53.0,
      "high": 53.0,
      "low": 52.0,
      "close": 53.0
    },
    {
      "date": "2024-07-31",
      "open": 53.0,
      "high": 55.0,
      "low": 52.0,
      "close": 53.0
    },
    {
      "date": "2024-08-01",
      "open": 53.0,
      "high": 53.0,
      "low": 52.0,
      "close": 53.0
    },
    {
      "date": "2024-08-02",
      "open": 53.0,
      "high": 53.0,
      "low": 52.0,
      "close": 52.0
    },
    {
      "date": "2024-08-05",
      "open": 52.0,
      "high": 53.0,
      "low": 50.0,
      "close": 51.0
    },
    {
      "date": "2024-08-06",
      "open": 51.0,
      "high": 51.0,
      "low": 50.0,
      "close": 51.0
    },
    {
      "date": "2024-08-07",
      "open": 51.0,
      "high": 52.0,
      "low": 50.0,
      "close": 52.0
    },
    {
      "date": "2024-08-08",
      "open": 52.0,
      "high": 52.0,
      "low": 51.0,
      "close": 52.0
    },
    {
      "date": "2024-08-09",
      "open": 52.0,
      "high": 52.0,
      "low": 51.0,
      "close": 52.0
    },
    {
      "date": "2024-08-12",
      "open": 52.0,
      "high": 53.0,
      "low": 51.0,
      "close": 53.0
    },
    {
      "date": "2024-08-13",
      "open": 53.0,
      "high": 53.0,
      "low": 51.0,
      "close": 53.0
    },
    {
      "date": "2024-08-14",
      "open": 53.0,
      "high": 53.0,
      "low": 52.0,
      "close": 53.0
    },
    {
      "date": "2024-08-15",
      "open": 53.0,
      "high": 53.0,
      "low": 52.0,
      "close": 53.0
    },
    {
      "date": "2024-08-16",
      "open": 52.0,
      "high": 53.0,
      "low": 52.0,
      "close": 53.0
    },
    {
      "date": "2024-08-19",
      "open": 54.0,
      "high": 54.0,
      "low": 52.0,
      "close": 53.0
    },
    {
      "date": "2024-08-20",
      "open": 53.0,
      "high": 54.0,
      "low": 52.0,
      "close": 54.0
    },
    {
      "date": "2024-08-21",
      "open": 54.0,
      "high": 54.0,
      "low": 52.0,
      "close": 53.0
    },
    {
      "date": "2024-08-22",
      "open": 53.0,
      "high": 54.0,
      "low": 52.0,
      "close": 52.0
    },
    {
      "date": "2024-08-23",
      "open": 53.0,
      "high": 54.0,
      "low": 52.0,
      "close": 54.0
    },
    {
      "date": "2024-08-26",
      "open": 54.0,
      "high": 54.0,
      "low": 53.0,
      "close": 54.0
    },
    {
      "date": "2024-08-27",
      "open": 53.0,
      "high": 55.0,
      "low": 52.0,
      "close": 53.0
    },
    {
      "date": "2024-08-28",
      "open": 53.0,
      "high": 54.0,
      "low": 52.0,
      "close": 53.0
    },
    {
      "date": "2024-08-29",
      "open": 53.0,
      "high": 54.0,
      "low": 52.0,
      "close": 53.0
    },
    {
      "date": "2024-08-30",
      "open": 53.0,
      "high": 53.0,
      "low": 52.0,
      "close": 53.0
    },
    {
      "date": "2024-09-02",
      "open": 53.0,
      "high": 55.0,
      "low": 52.0,
      "close": 54.0
    },
    {
      "date": "2024-09-03",
      "open": 54.0,
      "high": 54.0,
      "low": 53.0,
      "close": 54.0
    },
    {
      "date": "2024-09-04",
      "open": 54.0,
      "high": 54.0,
      "low": 53.0,
      "close": 54.0
    },
    {
      "date": "2024-09-05",
      "open": 54.0,
      "high": 57.0,
      "low": 52.0,
      "close": 55.0
    },
    {
      "date": "2024-09-06",
      "open": 56.0,
      "high": 64.0,
      "low": 56.0,
      "close": 59.0
    },
    {
      "date": "2024-09-09",
      "open": 60.0,
      "high": 60.0,
      "low": 56.0,
      "close": 57.0
    },
    {
      "date": "2024-09-10",
      "open": 57.0,
      "high": 58.0,
      "low": 55.0,
      "close": 56.0
    },
    {
      "date": "2024-09-11",
      "open": 56.0,
      "high": 57.0,
      "low": 54.0,
      "close": 55.0
    },
    {
      "date": "2024-09-12",
      "open": 56.0,
      "high": 59.0,
      "low": 55.0,
      "close": 58.0
    },
    {
      "date": "2024-09-13",
      "open": 58.0,
      "high": 59.0,
      "low": 56.0,
      "close": 56.0
    },
    {
      "date": "2024-09-17",
      "open": 56.0,
      "high": 56.0,
      "low": 55.0,
      "close": 56.0
    },
    {
      "date": "2024-09-18",
      "open": 56.0,
      "high": 57.0,
      "low": 55.0,
      "close": 57.0
    },
    {
      "date": "2024-09-19",
      "open": 56.0,
      "high": 57.0,
      "low": 55.0,
      "close": 57.0
    },
    {
      "date": "2024-09-20",
      "open": 56.0,
      "high": 60.0,
      "low": 56.0,
      "close": 58.0
    },
    {
      "date": "2024-09-23",
      "open": 59.0,
      "high": 60.0,
      "low": 58.0,
      "close": 59.0
    },
    {
      "date": "2024-09-24",
      "open": 59.0,
      "high": 59.0,
      "low": 57.0,
      "close": 58.0
    },
    {
      "date": "2024-09-25",
      "open": 58.0,
      "high": 59.0,
      "low": 55.0,
      "close": 57.0
    },
    {
      "date": "2024-09-26",
      "open": 57.0,
      "high": 57.0,
      "low": 56.0,
      "close": 56.0
    },
    {
      "date": "2024-09-27",
      "open": 56.0,
      "high": 58.0,
      "low": 56.0,
      "close": 57.0
    },
    {
      "date": "2024-09-30",
      "open": 57.0,
      "high": 58.0,
      "low": 56.0,
      "close": 57.0
    },
    {
      "date": "2024-10-01",
      "open": 57.0,
      "high": 58.0,
      "low": 56.0,
      "close": 58.0
    },
    {
      "date": "2024-10-02",
      "open": 58.0,
      "high": 58.0,
      "low": 55.0,
      "close": 56.0
    },
    {
      "date": "2024-10-03",
      "open": 56.0,
      "high": 59.0,
      "low": 56.0,
      "close": 58.0
    },
    {
      "date": "2024-10-04",
      "open": 58.0,
      "high": 58.0,
      "low": 56.0,
      "close": 58.0
    },
    {
      "date": "2024-10-07",
      "open": 58.0,
      "high": 59.0,
      "low": 57.0,
      "close": 57.0
    },
    {
      "date": "2024-10-08",
      "open": 58.0,
      "high": 59.0,
      "low": 57.0,
      "close": 57.0
    },
    {
      "date": "2024-10-09",
      "open": 58.0,
      "high": 58.0,
      "low": 57.0,
      "close": 58.0
    },
    {
      "date": "2024-10-10",
      "open": 58.0,
      "high": 58.0,
      "low": 57.0,
      "close": 57.0
    },
    {
      "date": "2024-10-11",
      "open": 57.0,
      "high": 58.0,
      "low": 57.0,
      "close": 58.0
    },
    {
      "date": "2024-10-14",
      "open": 58.0,
      "high": 59.0,
      "low": 57.0,
      "close": 58.0
    },
    {
      "date": "2024-10-15",
      "open": 58.0,
      "high": 59.0,
      "low": 58.0,
      "close": 59.0
    },
    {
      "date": "2024-10-16",
      "open": 58.0,
      "high": 59.0,
      "low": 58.0,
      "close": 59.0
    },
    {
      "date": "2024-10-17",
      "open": 59.0,
      "high": 59.0,
      "low": 57.0,
      "close": 58.0
    },
    {
      "date": "2024-10-18",
      "open": 58.0,
      "high": 60.0,
      "low": 58.0,
      "close": 59.0
    },
    {
      "date": "2024-10-21",
      "open": 60.0,
      "high": 61.0,
      "low": 59.0,
      "close": 60.0
    },
    {
      "date": "2024-10-22",
      "open": 60.0,
      "high": 63.0,
      "low": 60.0,
      "close": 63.0
    },
    {
      "date": "2024-10-23",
      "open": 63.0,
      "high": 64.0,
      "low": 61.0,
      "close": 62.0
    },
    {
      "date": "2024-10-24",
      "open": 63.0,
      "high": 68.0,
      "low": 62.0,
      "close": 68.0
    },
    {
      "date": "2024-10-25",
      "open": 69.0,
      "high": 73.0,
      "low": 65.0,
      "close": 65.0
    },
    {
      "date": "2024-10-28",
      "open": 65.0,
      "high": 66.0,
      "low": 62.0,
      "close": 65.0
    },
    {
      "date": "2024-10-29",
      "open": 65.0,
      "high": 65.0,
      "low": 62.0,
      "close": 64.0
    },
    {
      "date": "2024-10-30",
      "open": 64.0,
      "high": 65.0,
      "low": 62.0,
      "close": 63.0
    },
    {
      "date": "2024-10-31",
      "open": 63.0,
      "high": 65.0,
      "low": 63.0,
      "close": 64.0
    },
    {
      "date": "2024-11-01",
      "open": 65.0,
      "high": 68.0,
      "low": 64.0,
      "close": 66.0
    },
    {
      "date": "2024-11-04",
      "open": 66.0,
      "high": 70.0,
      "low": 66.0,
      "close": 66.0
    },
    {
      "date": "2024-11-05",
      "open": 66.0,
      "high": 67.0,
      "low": 64.0,
      "close": 64.0
    },
    {
      "date": "2024-11-06",
      "open": 64.0,
      "high": 65.0,
      "low": 62.0,
      "close": 64.0
    },
    {
      "date": "2024-11-07",
      "open": 64.0,
      "high": 65.0,
      "low": 63.0,
      "close": 63.0
    },
    {
      "date": "2024-11-08",
      "open": 63.0,
      "high": 65.0,
      "low": 63.0,
      "close": 65.0
    },
    {
      "date": "2024-11-11",
      "open": 65.0,
      "high": 66.0,
      "low": 64.0,
      "close": 66.0
    },
    {
      "date": "2024-11-12",
      "open": 66.0,
      "high": 67.0,
      "low": 64.0,
      "close": 67.0
    },
    {
      "date": "2024-11-13",
      "open": 67.0,
      "high": 68.0,
      "low": 65.0,
      "close": 65.0
    },
    {
      "date": "2024-11-14",
      "open": 65.0,
      "high": 66.0,
      "low": 63.0,
      "close": 63.0
    },
    {
      "date": "2024-11-15",
      "open": 63.0,
      "high": 67.0,
      "low": 62.0,
      "close": 65.0
    },
    {
      "date": "2024-11-18",
      "open": 65.0,
      "high": 67.0,
      "low": 64.0,
      "close": 64.0
    },
    {
      "date": "2024-11-19",
      "open": 64.0,
      "high": 65.0,
      "low": 63.0,
      "close": 64.0
    },
    {
      "date": "2024-11-20",
      "open": 64.0,
      "high": 66.0,
      "low": 64.0,
      "close": 64.0
    },
    {
      "date": "2024-11-21",
      "open": 65.0,
      "high": 65.0,
      "low": 63.0,
      "close": 63.0
    },
    {
      "date": "2024-11-22",
      "open": 64.0,
      "high": 64.0,
      "low": 62.0,
      "close": 62.0
    },
    {
      "date": "2024-11-25",
      "open": 62.0,
      "high": 63.0,
      "low": 61.0,
      "close": 61.0
    },
    {
      "date": "2024-11-26",
      "open": 61.0,
      "high": 62.0,
      "low": 58.0,
      "close": 59.0
    },
    {
      "date": "2024-11-28",
      "open": 59.0,
      "high": 60.0,
      "low": 57.0,
      "close": 57.0
    },
    {
      "date": "2024-11-29",
      "open": 57.0,
      "high": 60.0,
      "low": 56.0,
      "close": 59.0
    },
    {
      "date": "2024-12-02",
      "open": 59.0,
      "high": 60.0,
      "low": 57.0,
      "close": 59.0
    },
    {
      "date": "2024-12-03",
      "open": 60.0,
      "high": 60.0,
      "low": 58.0,
      "close": 59.0
    },
    {
      "date": "2024-12-04",
      "open": 60.0,
      "high": 61.0,
      "low": 59.0,
      "close": 61.0
    },
    {
      "date": "2024-12-05",
      "open": 61.0,
      "high": 61.0,
      "low": 59.0,
      "close": 60.0
    },
    {
      "date": "2024-12-06",
      "open": 60.0,
      "high": 61.0,
      "low": 58.0,
      "close": 59.0
    },
    {
      "date": "2024-12-09",
      "open": 59.0,
      "high": 61.0,
      "low": 59.0,
      "close": 59.0
    },
    {
      "date": "2024-12-10",
      "open": 60.0,
      "high": 60.0,
      "low": 58.0,
      "close": 59.0
    },
    {
      "date": "2024-12-11",
      "open": 60.0,
      "high": 60.0,
      "low": 57.0,
      "close": 57.0
    },
    {
      "date": "2024-12-12",
      "open": 57.0,
      "high": 58.0,
      "low": 55.0,
      "close": 55.0
    },
    {
      "date": "2024-12-13",
      "open": 56.0,
      "high": 56.0,
      "low": 55.0,
      "close": 56.0
    },
    {
      "date": "2024-12-16",
      "open": 56.0,
      "high": 57.0,
      "low": 55.0,
      "close": 56.0
    },
    {
      "date": "2024-12-17",
      "open": 56.0,
      "high": 56.0,
      "low": 54.0,
      "close": 54.0
    },
    {
      "date": "2024-12-18",
      "open": 55.0,
      "high": 58.0,
      "low": 54.0,
      "close": 55.0
    },
    {
      "date": "2024-12-19",
      "open": 55.0,
      "high": 55.0,
      "low": 53.0,
      "close": 54.0
    },
    {
      "date": "2024-12-20",
      "open": 54.0,
      "high": 54.0,
      "low": 53.0,
      "close": 53.0
    },
    {
      "date": "2024-12-23",
      "open": 54.0,
      "high": 55.0,
      "low": 53.0,
      "close": 54.0
    },
    {
      "date": "2024-12-24",
      "open": 54.0,
      "high": 55.0,
      "low": 53.0,
      "close": 54.0
    },
    {
      "date": "2024-12-27",
      "open": 54.0,
      "high": 56.0,
      "low": 53.0,
      "close": 55.0
    },
    {
      "date": "2024-12-30",
      "open": 55.0,
      "high": 59.0,
      "low": 54.0,
      "close": 59.0
    },
    {
      "date": "2025-01-02",
      "open": 59.0,
      "high": 60.0,
      "low": 56.0,
      "close": 58.0
    },
    {
      "date": "2025-01-03",
      "open": 58.0,
      "high": 58.0,
      "low": 55.0,
      "close": 56.0
    },
    {
      "date": "2025-01-06",
      "open": 56.0,
      "high": 57.0,
      "low": 56.0,
      "close": 56.0
    },
    {
      "date": "2025-01-07",
      "open": 56.0,
      "high": 57.0,
      "low": 55.0,
      "close": 56.0
    },
    {
      "date": "2025-01-08",
      "open": 57.0,
      "high": 57.0,
      "low": 55.0,
      "close": 55.0
    },
    {
      "date": "2025-01-09",
      "open": 55.0,
      "high": 56.0,
      "low": 54.0,
      "close": 55.0
    },
    {
      "date": "2025-01-10",
      "open": 56.0,
      "high": 57.0,
      "low": 55.0,
      "close": 55.0
    },
    {
      "date": "2025-01-13",
      "open": 56.0,
      "high": 57.0,
      "low": 55.0,
      "close": 56.0
    },
    {
      "date": "2025-01-14",
      "open": 57.0,
      "high": 57.0,
      "low": 55.0,
      "close": 56.0
    },
    {
      "date": "2025-01-15",
      "open": 56.0,
      "high": 57.0,
      "low": 55.0,
      "close": 56.0
    },
    {
      "date": "2025-01-16",
      "open": 57.0,
      "high": 57.0,
      "low": 56.0,
      "close": 56.0
    },
    {
      "date": "2025-01-17",
      "open": 56.0,
      "high": 57.0,
      "low": 55.0,
      "close": 55.0
    },
    {
      "date": "2025-01-20",
      "open": 56.0,
      "high": 58.0,
      "low": 56.0,
      "close": 56.0
    },
    {
      "date": "2025-01-21",
      "open": 57.0,
      "high": 59.0,
      "low": 56.0,
      "close": 57.0
    },
    {
      "date": "2025-01-22",
      "open": 57.0,
      "high": 57.0,
      "low": 56.0,
      "close": 56.0
    },
    {
      "date": "2025-01-23",
      "open": 56.0,
      "high": 57.0,
      "low": 55.0,
      "close": 56.0
    },
    {
      "date": "2025-01-24",
      "open": 56.0,
      "high": 56.0,
      "low": 54.0,
      "close": 56.0
    },
    {
      "date": "2025-01-30",
      "open": 56.0,
      "high": 56.0,
      "low": 53.0,
      "close": 55.0
    },
    {
      "date": "2025-01-31",
      "open": 55.0,
      "high": 56.0,
      "low": 53.0,
      "close": 55.0
    },
    {
      "date": "2025-02-03",
      "open": 55.0,
      "high": 55.0,
      "low": 53.0,
      "close": 55.0
    },
    {
      "date": "2025-02-04",
      "open": 55.0,
      "high": 55.0,
      "low": 53.0,
      "close": 54.0
    },
    {
      "date": "2025-02-05",
      "open": 54.0,
      "high": 55.0,
      "low": 53.0,
      "close": 55.0
    },
    {
      "date": "2025-02-06",
      "open": 55.0,
      "high": 55.0,
      "low": 53.0,
      "close": 54.0
    },
    {
      "date": "2025-02-07",
      "open": 54.0,
      "high": 54.0,
      "low": 52.0,
      "close": 54.0
    },
    {
      "date": "2025-02-10",
      "open": 54.0,
      "high": 54.0,
      "low": 52.0,
      "close": 54.0
    },
    {
      "date": "2025-02-11",
      "open": 54.0,
      "high": 54.0,
      "low": 52.0,
      "close": 54.0
    },
    {
      "date": "2025-02-12",
      "open": 54.0,
      "high": 54.0,
      "low": 52.0,
      "close": 54.0
    },
    {
      "date": "2025-02-13",
      "open": 54.0,
      "high": 55.0,
      "low": 53.0,
      "close": 55.0
    },
    {
      "date": "2025-02-14",
      "open": 56.0,
      "high": 56.0,
      "low": 54.0,
      "close": 54.0
    },
    {
      "date": "2025-02-17",
      "open": 55.0,
      "high": 55.0,
      "low": 54.0,
      "close": 55.0
    },
    {
      "date": "2025-02-18",
      "open": 54.0,
      "high": 55.0,
      "low": 54.0,
      "close": 55.0
    },
    {
      "date": "2025-02-19",
      "open": 55.0,
      "high": 55.0,
      "low": 54.0,
      "close": 55.0
    },
    {
      "date": "2025-02-20",
      "open": 55.0,
      "high": 55.0,
      "low": 54.0,
      "close": 54.0
    },
    {
      "date": "2025-02-21",
      "open": 54.0,
      "high": 55.0,
      "low": 54.0,
      "close": 55.0
    },
    {
      "date": "2025-02-24",
      "open": 55.0,
      "high": 55.0,
      "low": 54.0,
      "close": 55.0
    },
    {
      "date": "2025-02-25",
      "open": 55.0,
      "high": 56.0,
      "low": 54.0,
      "close": 55.0
    },
    {
      "date": "2025-02-26",
      "open": 54.0,
      "high": 56.0,
      "low": 54.0,
      "close": 55.0
    },
    {
      "date": "2025-02-27",
      "open": 55.0,
      "high": 56.0,
      "low": 52.0,
      "close": 53.0
    },
    {
      "date": "2025-02-28",
      "open": 53.0,
      "high": 54.0,
      "low": 51.0,
      "close": 54.0
    },
    {
      "date": "2025-03-03",
      "open": 54.0,
      "high": 57.0,
      "low": 54.0,
      "close": 57.0
    },
    {
      "date": "2025-03-04",
      "open": 57.0,
      "high": 57.0,
      "low": 55.0,
      "close": 57.0
    },
    {
      "date": "2025-03-05",
      "open": 57.0,
      "high": 59.0,
      "low": 56.0,
      "close": 58.0
    },
    {
      "date": "2025-03-06",
      "open": 58.0,
      "high": 59.0,
      "low": 57.0,
      "close": 57.0
    },
    {
      "date": "2025-03-07",
      "open": 57.0,
      "high": 59.0,
      "low": 57.0,
      "close": 58.0
    },
    {
      "date": "2025-03-10",
      "open": 59.0,
      "high": 59.0,
      "low": 57.0,
      "close": 58.0
    },
    {
      "date": "2025-03-11",
      "open": 58.0,
      "high": 58.0,
      "low": 56.0,
      "close": 58.0
    },
    {
      "date": "2025-03-12",
      "open": 58.0,
      "high": 60.0,
      "low": 57.0,
      "close": 59.0
    },
    {
      "date": "2025-03-13",
      "open": 59.0,
      "high": 60.0,
      "low": 57.0,
      "close": 57.0
    },
    {
      "date": "2025-03-14",
      "open": 58.0,
      "high": 58.0,
      "low": 57.0,
      "close": 58.0
    },
    {
      "date": "2025-03-17",
      "open": 58.0,
      "high": 58.0,
      "low": 56.0,
      "close": 57.0
    },
    {
      "date": "2025-03-18",
      "open": 58.0,
      "high": 58.0,
      "low": 53.0,
      "close": 55.0
    },
    {
      "date": "2025-03-19",
      "open": 56.0,
      "high": 56.0,
      "low": 54.0,
      "close": 55.0
    },
    {
      "date": "2025-03-20",
      "open": 55.0,
      "high": 56.0,
      "low": 54.0,
      "close": 55.0
    },
    {
      "date": "2025-03-21",
      "open": 56.0,
      "high": 56.0,
      "low": 53.0,
      "close": 54.0
    },
    {
      "date": "2025-03-24",
      "open": 54.0,
      "high": 55.0,
      "low": 52.0,
      "close": 54.0
    },
    {
      "date": "2025-03-25",
      "open": 54.0,
      "high": 54.0,
      "low": 53.0,
      "close": 54.0
    },
    {
      "date": "2025-03-26",
      "open": 55.0,
      "high": 58.0,
      "low": 54.0,
      "close": 57.0
    },
    {
      "date": "2025-03-27",
      "open": 57.0,
      "high": 57.0,
      "low": 55.0,
      "close": 55.0
    },
    {
      "date": "2025-04-08",
      "open": 51.0,
      "high": 54.0,
      "low": 50.0,
      "close": 54.0
    },
    {
      "date": "2025-04-09",
      "open": 54.0,
      "high": 54.0,
      "low": 50.0,
      "close": 51.0
    },
    {
      "date": "2025-04-10",
      "open": 52.0,
      "high": 53.0,
      "low": 52.0,
      "close": 53.0
    },
    {
      "date": "2025-04-11",
      "open": 53.0,
      "high": 53.0,
      "low": 52.0,
      "close": 53.0
    },
    {
      "date": "2025-04-14",
      "open": 53.0,
      "high": 55.0,
      "low": 53.0,
      "close": 54.0
    },
    {
      "date": "2025-04-15",
      "open": 54.0,
      "high": 56.0,
      "low": 54.0,
      "close": 54.0
    },
    {
      "date": "2025-04-16",
      "open": 54.0,
      "high": 55.0,
      "low": 54.0,
      "close": 54.0
    },
    {
      "date": "2025-04-17",
      "open": 54.0,
      "high": 55.0,
      "low": 53.0,
      "close": 55.0
    },
    {
      "date": "2025-04-21",
      "open": 55.0,
      "high": 55.0,
      "low": 53.0,
      "close": 54.0
    },
    {
      "date": "2025-04-22",
      "open": 54.0,
      "high": 55.0,
      "low": 53.0,
      "close": 54.0
    },
    {
      "date": "2025-04-23",
      "open": 54.0,
      "high": 54.0,
      "low": 53.0,
      "close": 53.0
    },
    {
      "date": "2025-04-24",
      "open": 54.0,
      "high": 60.0,
      "low": 54.0,
      "close": 56.0
    },
    {
      "date": "2025-04-25",
      "open": 57.0,
      "high": 58.0,
      "low": 56.0,
      "close": 56.0
    },
    {
      "date": "2025-04-28",
      "open": 57.0,
      "high": 58.0,
      "low": 56.0,
      "close": 57.0
    },
    {
      "date": "2025-04-29",
      "open": 58.0,
      "high": 60.0,
      "low": 57.0,
      "close": 59.0
    },
    {
      "date": "2025-04-30",
      "open": 60.0,
      "high": 62.0,
      "low": 59.0,
      "close": 60.0
    },
    {
      "date": "2025-05-02",
      "open": 60.0,
      "high": 60.0,
      "low": 57.0,
      "close": 58.0
    },
    {
      "date": "2025-05-05",
      "open": 58.0,
      "high": 61.0,
      "low": 57.0,
      "close": 61.0
    },
    {
      "date": "2025-05-06",
      "open": 62.0,
      "high": 63.0,
      "low": 61.0,
      "close": 63.0
    },
    {
      "date": "2025-05-07",
      "open": 63.0,
      "high": 64.0,
      "low": 61.0,
      "close": 63.0
    },
    {
      "date": "2025-05-08",
      "open": 63.0,
      "high": 63.0,
      "low": 59.0,
      "close": 60.0
    },
    {
      "date": "2025-05-09",
      "open": 59.0,
      "high": 61.0,
      "low": 59.0,
      "close": 60.0
    },
    {
      "date": "2025-05-14",
      "open": 61.0,
      "high": 63.0,
      "low": 60.0,
      "close": 62.0
    },
    {
      "date": "2025-05-15",
      "open": 63.0,
      "high": 63.0,
      "low": 60.0,
      "close": 62.0
    },
    {
      "date": "2025-05-16",
      "open": 62.0,
      "high": 62.0,
      "low": 59.0,
      "close": 59.0
    },
    {
      "date": "2025-05-19",
      "open": 60.0,
      "high": 60.0,
      "low": 59.0,
      "close": 59.0
    },
    {
      "date": "2025-05-20",
      "open": 59.0,
      "high": 60.0,
      "low": 58.0,
      "close": 58.0
    },
    {
      "date": "2025-05-21",
      "open": 59.0,
      "high": 60.0,
      "low": 58.0,
      "close": 59.0
    },
    {
      "date": "2025-05-22",
      "open": 60.0,
      "high": 60.0,
      "low": 59.0,
      "close": 60.0
    },
    {
      "date": "2025-05-23",
      "open": 60.0,
      "high": 60.0,
      "low": 58.0,
      "close": 58.0
    },
    {
      "date": "2025-05-26",
      "open": 58.0,
      "high": 58.0,
      "low": 55.0,
      "close": 56.0
    },
    {
      "date": "2025-05-27",
      "open": 57.0,
      "high": 57.0,
      "low": 55.0,
      "close": 57.0
    },
    {
      "date": "2025-05-28",
      "open": 57.0,
      "high": 59.0,
      "low": 56.0,
      "close": 58.0
    },
    {
      "date": "2025-06-02",
      "open": 58.0,
      "high": 58.0,
      "low": 57.0,
      "close": 57.0
    },
    {
      "date": "2025-06-03",
      "open": 58.0,
      "high": 59.0,
      "low": 56.0,
      "close": 58.0
    },
    {
      "date": "2025-06-04",
      "open": 58.0,
      "high": 59.0,
      "low": 57.0,
      "close": 58.0
    },
    {
      "date": "2025-06-05",
      "open": 58.0,
      "high": 58.0,
      "low": 57.0,
      "close": 57.0
    },
    {
      "date": "2025-06-10",
      "open": 57.0,
      "high": 59.0,
      "low": 57.0,
      "close": 58.0
    },
    {
      "date": "2025-06-11",
      "open": 58.0,
      "high": 60.0,
      "low": 57.0,
      "close": 59.0
    },
    {
      "date": "2025-06-12",
      "open": 59.0,
      "high": 60.0,
      "low": 59.0,
      "close": 59.0
    },
    {
      "date": "2025-06-13",
      "open": 59.0,
      "high": 60.0,
      "low": 56.0,
      "close": 60.0
    },
    {
      "date": "2025-06-16",
      "open": 60.0,
      "high": 62.0,
      "low": 59.0,
      "close": 60.0
    },
    {
      "date": "2025-06-17",
      "open": 60.0,
      "high": 65.0,
      "low": 60.0,
      "close": 62.0
    },
    {
      "date": "2025-06-18",
      "open": 62.0,
      "high": 64.0,
      "low": 62.0,
      "close": 62.0
    },
    {
      "date": "2025-06-19",
      "open": 63.0,
      "high": 63.0,
      "low": 61.0,
      "close": 61.0
    },
    {
      "date": "2025-06-20",
      "open": 61.0,
      "high": 63.0,
      "low": 60.0,
      "close": 61.0
    },
    {
      "date": "2025-06-23",
      "open": 61.0,
      "high": 62.0,
      "low": 59.0,
      "close": 60.0
    },
    {
      "date": "2025-06-24",
      "open": 60.0,
      "high": 62.0,
      "low": 60.0,
      "close": 60.0
    },
    {
      "date": "2025-06-25",
      "open": 61.0,
      "high": 62.0,
      "low": 59.0,
      "close": 60.0
    },
    {
      "date": "2025-06-26",
      "open": 61.0,
      "high": 61.0,
      "low": 59.0,
      "close": 61.0
    },
    {
      "date": "2025-06-30",
      "open": 62.0,
      "high": 62.0,
      "low": 60.0,
      "close": 61.0
    },
    {
      "date": "2025-07-01",
      "open": 60.0,
      "high": 62.0,
      "low": 60.0,
      "close": 61.0
    },
    {
      "date": "2025-07-02",
      "open": 61.0,
      "high": 61.0,
      "low": 59.0,
      "close": 60.0
    },
    {
      "date": "2025-07-03",
      "open": 60.0,
      "high": 61.0,
      "low": 60.0,
      "close": 61.0
    },
    {
      "date": "2025-07-04",
      "open": 61.0,
      "high": 61.0,
      "low": 60.0,
      "close": 61.0
    },
    {
      "date": "2025-07-07",
      "open": 61.0,
      "high": 61.0,
      "low": 59.0,
      "close": 61.0
    },
    {
      "date": "2025-07-08",
      "open": 61.0,
      "high": 61.0,
      "low": 59.0,
      "close": 60.0
    }
  ]
}